0 0.101445 0.0552698 -0.0571479
0 0.110448 0.163254 -0.0336461
0 0.116103 0.275309 -0.000879198
0 0.120754 0.360157 0.0247554
0 0.122936 0.406911 0.0415164
0 0.129371 0.54572 0.0856764
1 -0.0172691 0.088458 -0.0782953
1 -0.021384 0.196605 -0.0615833
1 -0.027569 0.311558 -0.0435388
1 -0.0293322 0.346219 -0.0216549
1 -0.0331666 0.458328 0.00270588
1 -0.034471 0.489569 0.0231439
1 -0.0365945 0.597772 0.042814
2 -0.146409 0.0541411 -0.0708481
2 -0.161799 0.173518 -0.0485564
2 -0.168728 0.205357 -0.0258992
2 -0.177709 0.307595 0.00325275
2 -0.178965 0.335421 0.0237702
2 -0.178757 0.354202 0.0403211
2 -0.18556 0.453431 0.0661123
3 -0.212302 -0.227553 0.0484277
3 -0.23643 -0.184726 0.0751692
3 -0.271935 -0.0645582 0.146696
3 -0.283797 -0.0302673 0.165575
3 -0.312034 0.114531 0.217921
4 0.217544 -0.0258488 -0.0503667
4 0.248799 0.0852477 -0.0206337
4 0.262696 0.16147 0.00496904
4 0.270932 0.221621 0.028814
4 0.271005 0.239922 0.0473046
4 0.283477 0.343934 0.0824336
